{
 "cells": [
  {
   "cell_type": "code",
   "execution_count": 1,
   "metadata": {},
   "outputs": [
    {
     "name": "stdout",
     "output_type": "stream",
     "text": [
      "The Amplitudes are \n",
      "[0.42812152561753342, 0.12968339869367071, 0.4421950756887959]\n",
      " \n",
      "The Covariances are\n",
      "[array([[ 3.44042676,  2.29942874],\n",
      "       [ 2.29942874,  5.17207391]]), array([[ 1.60473961,  0.74376723],\n",
      "       [ 0.74376723,  1.74864859]]), array([[ 1.05767885,  0.13953817],\n",
      "       [ 0.13953817,  1.02262812]])]\n",
      " \n",
      "The Means Of Gaussians are\n",
      "[[ 4.45405331  3.35431221]\n",
      " [-1.3448081   1.38041019]\n",
      " [-0.8452124  -1.12261945]]\n",
      " \n",
      "The membership of each points are\n",
      "[[  3.33801761e-03   4.02018540e-03   7.92943640e-03   1.34828235e-03\n",
      "    1.94113226e-02   9.91829542e-01   2.50901939e-02   5.41254133e-01\n",
      "    3.19110866e-02   9.96209306e-01   3.07407373e-02   2.87035123e-01\n",
      "    9.99999899e-01   9.93786690e-01   1.27386390e-03   9.13478918e-01\n",
      "    1.15293999e-03   2.43901943e-02   1.00080195e-01   9.09515780e-01\n",
      "    3.76881947e-03   3.74844923e-01   9.99550422e-01   2.29590445e-04\n",
      "    8.20801284e-04   9.95714862e-01   1.85103848e-02   1.49917727e-02\n",
      "    8.09318507e-01   9.99999504e-01   1.35820751e-03   2.30759920e-03\n",
      "    3.70061603e-02   1.61892241e-02   1.36631890e-01   1.72251732e-02\n",
      "    9.84416795e-01   1.14352141e-03   1.28390766e-01   7.65650465e-01\n",
      "    8.07049338e-02   5.15277801e-03   1.51658657e-01   4.83434531e-03\n",
      "    5.24651720e-03   9.98660179e-01   1.20641177e-02   2.49034115e-03\n",
      "    2.65879745e-03   4.38139492e-02   1.23487546e-03   6.56776352e-03\n",
      "    8.64776522e-03   9.14708361e-04   8.29489068e-02   8.41874477e-04\n",
      "    7.91920527e-04   2.50626774e-02   5.12310244e-03   2.78341470e-03\n",
      "    3.31079018e-03   1.30105352e-02   2.24813777e-03   2.71155012e-02\n",
      "    9.37573160e-03   3.19171488e-03   1.51474860e-02   1.63883215e-03\n",
      "    1.47385164e-03   2.44032370e-03   3.23109997e-02   2.77949390e-03\n",
      "    2.31081363e-03   1.32237994e-03   1.25119864e-03   5.78056462e-03\n",
      "    1.68718572e-02   2.69320361e-02   1.11986526e-02   5.90033113e-03\n",
      "    2.23909478e-03   1.07275369e-02   1.98640023e-02   2.03807026e-02\n",
      "    3.26678631e-04   4.22364630e-03   1.94679640e-03   2.23667591e-03\n",
      "    7.67489968e-02   1.64078520e-03   7.35834150e-04   4.65197531e-03\n",
      "    4.21961546e-03   2.10279492e-03   1.43791489e-02   7.40780077e-03\n",
      "    7.14199369e-03   2.90784806e-03   5.26844151e-03   2.51001717e-03\n",
      "    9.99947012e-01   9.99999921e-01   9.99969595e-01   9.99511500e-01\n",
      "    9.99999997e-01   9.99999963e-01   9.99999947e-01   9.99999998e-01\n",
      "    9.99999998e-01   9.99999998e-01   9.99999050e-01   9.99948090e-01\n",
      "    9.99997041e-01   1.00000000e+00   9.96039129e-01   9.99892921e-01\n",
      "    9.99999998e-01   9.99999993e-01   9.99981081e-01   9.99986967e-01\n",
      "    9.99996096e-01   9.99994618e-01   3.88460948e-01   9.99959070e-01\n",
      "    9.99999737e-01   1.00000000e+00   9.84037851e-01   9.99843212e-01\n",
      "    9.99973863e-01   9.99027499e-01   9.99795072e-01   8.69724860e-01\n",
      "    9.99994504e-01   9.99948679e-01   9.99999933e-01   9.99998972e-01\n",
      "    9.99999999e-01   1.00000000e+00   9.99998887e-01   9.99829172e-01\n",
      "    9.99999509e-01   1.00000000e+00   9.99998568e-01   9.99999932e-01\n",
      "    9.99549685e-01   1.00000000e+00   9.99999889e-01   9.99987091e-01\n",
      "    9.71701112e-01   9.99804316e-01]\n",
      " [  3.06434376e-03   3.82326896e-03   2.81502674e-01   3.31256639e-02\n",
      "    9.37563207e-03   5.34633771e-03   9.01725964e-01   4.57604885e-01\n",
      "    5.23979891e-04   2.90491882e-03   2.91284447e-01   7.00847076e-01\n",
      "    5.13186994e-09   4.42254236e-03   9.90029366e-01   1.21301185e-04\n",
      "    8.50836053e-02   2.55380646e-04   2.18520130e-02   1.13677589e-02\n",
      "    6.81758487e-03   2.38267868e-02   4.95776931e-07   7.73705689e-01\n",
      "    9.59676963e-01   3.05491237e-03   9.61563203e-01   6.95616076e-04\n",
      "    1.50138812e-03   2.65610158e-07   3.27519436e-02   9.97597260e-01\n",
      "    1.82710621e-01   5.21148976e-03   8.13305651e-01   4.15909621e-01\n",
      "    3.86965234e-04   4.03575571e-02   3.06028645e-05   2.49331799e-05\n",
      "    1.37369151e-03   6.55709205e-01   4.88228461e-01   4.64420328e-03\n",
      "    9.20332664e-01   6.32566181e-04   4.94784941e-02   5.77790256e-03\n",
      "    9.55174642e-01   2.53295547e-02   9.48236287e-02   4.63878635e-02\n",
      "    2.13952819e-02   4.78664001e-02   7.77406219e-04   9.11341166e-02\n",
      "    5.21910929e-01   4.72261009e-03   3.79063626e-03   1.14113686e-01\n",
      "    7.42862759e-03   2.17235668e-02   5.57575520e-01   5.37563026e-02\n",
      "    6.29743201e-03   1.65670749e-02   5.51378651e-01   3.15926690e-02\n",
      "    9.48222065e-02   5.70592026e-02   4.78788261e-02   3.89724752e-02\n",
      "    6.60900384e-02   1.13635893e-01   9.61558129e-01   1.06491152e-01\n",
      "    1.02398476e-03   4.23357393e-04   5.29583586e-04   6.01748380e-01\n",
      "    7.38108003e-03   9.85687916e-02   2.15546114e-02   3.41912231e-04\n",
      "    9.40237408e-01   6.02095882e-02   7.33841004e-01   6.47467529e-02\n",
      "    4.43795336e-03   9.96464293e-03   1.76582256e-01   2.06596386e-02\n",
      "    1.70826427e-03   3.13335996e-02   1.01558142e-02   2.47589769e-03\n",
      "    2.89570500e-02   3.44922342e-03   4.27849999e-03   3.37392023e-02\n",
      "    5.10378926e-05   7.86137817e-08   3.04052517e-05   4.88499746e-04\n",
      "    3.12839297e-09   3.72723693e-08   5.30641427e-08   1.65169016e-09\n",
      "    1.90868023e-09   1.94507987e-09   9.49510331e-07   5.19098022e-05\n",
      "    2.95225162e-06   3.61555178e-10   3.95850877e-03   1.07078044e-04\n",
      "    1.62819705e-09   7.23612410e-09   7.57429886e-06   9.52712910e-08\n",
      "    3.89329577e-06   5.38212613e-06   6.11526816e-01   4.09273130e-05\n",
      "    2.63169432e-07   1.32320009e-14   1.59620603e-02   1.56788191e-04\n",
      "    8.96394136e-07   9.72371348e-04   2.04923171e-04   1.27830222e-01\n",
      "    5.49601704e-06   5.12221212e-05   6.74234565e-08   1.02761138e-06\n",
      "    1.13981775e-09   8.92704340e-12   1.11274962e-06   1.70827935e-04\n",
      "    4.90900707e-07   7.95131082e-11   1.38209028e-06   6.81027067e-08\n",
      "    3.93214324e-04   2.25574401e-11   1.10578880e-07   1.19852316e-05\n",
      "    2.21641034e-02   1.95683849e-04]\n",
      " [  9.93597639e-01   9.92156546e-01   7.10567889e-01   9.65526054e-01\n",
      "    9.71213045e-01   2.82412012e-03   7.31838422e-02   1.14098181e-03\n",
      "    9.67564933e-01   8.85775211e-04   6.77974816e-01   1.21178009e-02\n",
      "    9.54812146e-08   1.79076748e-03   8.69677006e-03   8.63997813e-02\n",
      "    9.13763455e-01   9.75354425e-01   8.78067792e-01   7.91164611e-02\n",
      "    9.89413596e-01   6.01328290e-01   4.49082057e-04   2.26064720e-01\n",
      "    3.95022355e-02   1.23022572e-03   1.99264119e-02   9.84312611e-01\n",
      "    1.89180105e-01   2.30532414e-07   9.65889849e-01   9.51408889e-05\n",
      "    7.80283219e-01   9.78599286e-01   5.00624591e-02   5.66865206e-01\n",
      "    1.51962394e-02   9.58498921e-01   8.71578631e-01   2.34324602e-01\n",
      "    9.17921375e-01   3.39138017e-01   3.60112882e-01   9.90521451e-01\n",
      "    7.44208191e-02   7.07254949e-04   9.38457388e-01   9.91731756e-01\n",
      "    4.21665608e-02   9.30856496e-01   9.03941496e-01   9.47044373e-01\n",
      "    9.69956953e-01   9.51218892e-01   9.16273687e-01   9.08024009e-01\n",
      "    4.77297150e-01   9.70214713e-01   9.91086261e-01   8.83102899e-01\n",
      "    9.89260582e-01   9.65265898e-01   4.40176342e-01   9.19128196e-01\n",
      "    9.84326836e-01   9.80241210e-01   4.33473862e-01   9.66768499e-01\n",
      "    9.03703942e-01   9.40500474e-01   9.19810174e-01   9.58248031e-01\n",
      "    9.31599148e-01   8.85041727e-01   3.71906728e-02   8.87728283e-01\n",
      "    9.82104158e-01   9.72644607e-01   9.88271764e-01   3.92351289e-01\n",
      "    9.90379825e-01   8.90703671e-01   9.58581386e-01   9.79277385e-01\n",
      "    5.94359132e-02   9.35566765e-01   2.64212199e-01   9.33016571e-01\n",
      "    9.18813050e-01   9.88394572e-01   8.22681910e-01   9.74688386e-01\n",
      "    9.94072120e-01   9.66563605e-01   9.75465037e-01   9.90116302e-01\n",
      "    9.63900956e-01   9.93642929e-01   9.90453058e-01   9.63750781e-01\n",
      "    1.95009922e-06   2.18489717e-11   3.81734915e-11   2.81484032e-11\n",
      "    1.72522218e-15   7.45365978e-14   9.63566530e-15   7.48948568e-26\n",
      "    1.89860007e-16   1.07136290e-15   1.30909009e-17   5.56792512e-10\n",
      "    6.30817493e-09   8.54776399e-20   2.36180514e-06   5.61946122e-10\n",
      "    1.10109589e-18   1.52454774e-17   1.13447765e-05   1.29379047e-05\n",
      "    1.07453459e-08   7.99185991e-17   1.22358903e-05   2.67601274e-09\n",
      "    6.21979613e-12   2.34457922e-26   8.88959837e-08   1.06682107e-10\n",
      "    2.52409239e-05   1.29922472e-07   4.98563255e-09   2.44491749e-03\n",
      "    8.75933461e-11   9.88878404e-08   1.73279124e-16   8.51445727e-10\n",
      "    1.25870160e-20   5.68085711e-18   5.79968049e-15   7.20588335e-17\n",
      "    2.16429282e-12   4.88845813e-23   4.95766549e-08   3.55033565e-20\n",
      "    5.71002129e-05   2.28984862e-17   8.67514439e-12   9.23275708e-07\n",
      "    6.13478511e-03   3.69076629e-11]]\n"
     ]
    }
   ],
   "source": [
    "import numpy as np\n",
    "import pandas as pd\n",
    "from numpy import linalg as la\n",
    "import math\n",
    "np.random.seed(0)\n",
    "def multiDimensionalGaussian(rowVector,kthCovrianceMatrix,kthmeanMatrix):\n",
    "    detKthCovraince=la.det(kthCovrianceMatrix)\n",
    "    firstVal=math.pow(1/detKthCovraince,0.5)*(1/math.pow((2*math.pi),rowVector.shape[0]/2))\n",
    "    currMean=rowVector-kthmeanMatrix\n",
    "    currMeanTranspose=currMean.transpose();\n",
    "    firstProd=np.dot(currMeanTranspose,la.inv(kthCovrianceMatrix))\n",
    "    secondProd=np.dot(firstProd,currMean)\n",
    "    secondProd=secondProd*(-0.5)\n",
    "    secondVal=math.exp(secondProd)\n",
    "    return firstVal*secondVal\n",
    "    \n",
    "    \n",
    "def calRic(globalCovarianceMatrix,meanMatrix,dataMatrix,ampList):\n",
    "   \n",
    "    ricMatUpdate=np.ones((len(globalCovarianceMatrix),dataMatrix.shape[0]))\n",
    "    for i in range(0,meanMatrix.shape[0]):\n",
    "        kthCovrianceMatrix=globalCovarianceMatrix[i]\n",
    "        kthmeanMatrix=meanMatrix[i].reshape(meanMatrix.shape[1],-1)\n",
    "        kthamp=ampList[i]\n",
    "        for k in range(0,dataMatrix.shape[0]):\n",
    "            ricMatUpdate[i][k]=kthamp*multiDimensionalGaussian(dataMatrix[k].reshape(dataMatrix.shape[1],-1),kthCovrianceMatrix,kthmeanMatrix)\n",
    "    ricMatUpdate=ricMatUpdate/ricMatUpdate.sum(axis=0,keepdims=1)\n",
    "    return ricMatUpdate\n",
    "    \n",
    "                \n",
    "def calGaussian(ricMat,dataMatrix):\n",
    "    global meanMatrix\n",
    "    global globalCovarianceMatrix\n",
    "    global ampList\n",
    "    meanMatrix=np.dot(ricMat,dataMatrix)/ricMat.sum(axis=1,keepdims=1)#mulyiply points and weights,dimenion=3*2\n",
    "    for i in range(0,meanMatrix.shape[0]):\n",
    "        currMean=meanMatrix[i]\n",
    "        calMatrix=dataMatrix-currMean\n",
    "        curCovarianceMatrix = np.zeros((dataMatrix.shape[1],dataMatrix.shape[1]))\n",
    "        for j in range(0,ricMat.shape[1]):\n",
    "            colVector= calMatrix[j].reshape(dataMatrix.shape[1],-1)#convert (d,) to (d,1)\n",
    "            rowVector=colVector.transpose()\n",
    "            jthCovariance = np.dot(colVector,rowVector)\n",
    "            jthCovariance = jthCovariance * ricMat[i][j]\n",
    "            curCovarianceMatrix = curCovarianceMatrix + jthCovariance\n",
    "        curCovarianceMatrix=curCovarianceMatrix/np.sum(ricMat[i,:])    \n",
    "        globalCovarianceMatrix.append(curCovarianceMatrix)\n",
    "    for i in range(0,ricMat.shape[0]):#calculating amp list\n",
    "        ampList.append(np.sum(ricMat[i,:])/ricMat.shape[1])            \n",
    "\n",
    "########               \n",
    "dataMatrix=np.loadtxt(\"clusters.txt\",delimiter=\",\")\n",
    "ricMat=np.random.rand(3,dataMatrix.shape[0])\n",
    "ricMat=ricMat/ricMat.sum(axis=0,keepdims=1)\n",
    "ricMatOld=ricMat.copy()\n",
    "####################################\n",
    "e=0\n",
    "while(1):\n",
    "    globalCovarianceMatrix = []\n",
    "    ampList=[]\n",
    "    meanMatrix=np.zeros([3,2])\n",
    "    calGaussian(ricMat,dataMatrix)\n",
    "    ricMat=calRic(globalCovarianceMatrix,meanMatrix,dataMatrix,ampList)\n",
    "    if(np.allclose(ricMat,ricMatOld,atol=0.000001)):\n",
    "        break;\n",
    "    ricMatOld=ricMat.copy()\n",
    "    e=e+1\n",
    "print(\"The Amplitudes are \")\n",
    "print(ampList)\n",
    "print(\" \");\n",
    "print(\"The Covariances are\")\n",
    "print(globalCovarianceMatrix);\n",
    "print(\" \");\n",
    "print(\"The Means Of Gaussians are\")\n",
    "print(meanMatrix);\n",
    "print(\" \");\n",
    "print(\"The membership of each points are\")\n",
    "print(ricMat);\n"
   ]
  },
  {
   "cell_type": "code",
   "execution_count": 2,
   "metadata": {},
   "outputs": [
    {
     "data": {
      "text/plain": [
       "array([[  3.01548106e-03,   8.66631237e-03,   9.88318207e-01],\n",
       "       [  3.38210830e-03,   1.48437895e-02,   9.81774102e-01],\n",
       "       [  2.56265207e-03,   4.34805630e-02,   9.53956785e-01],\n",
       "       [  9.84543586e-04,   6.73949285e-02,   9.31620528e-01],\n",
       "       [  1.98513820e-02,   8.63460831e-03,   9.71514010e-01],\n",
       "       [  9.48870165e-01,   4.74143982e-02,   3.71543699e-03],\n",
       "       [  1.05833254e-02,   3.06560028e-01,   6.82856646e-01],\n",
       "       [  2.29554682e-01,   7.53921208e-01,   1.65241099e-02],\n",
       "       [  3.60840776e-02,   1.95079048e-03,   9.61965132e-01],\n",
       "       [  9.60020622e-01,   3.87937041e-02,   1.18567400e-03],\n",
       "       [  1.20949693e-02,   6.14691150e-02,   9.26435916e-01],\n",
       "       [  1.60986632e-01,   7.05928045e-01,   1.33085324e-01],\n",
       "       [  9.99843695e-01,   1.56252861e-04,   5.22003794e-08],\n",
       "       [  9.52374012e-01,   4.52126708e-02,   2.41331723e-03],\n",
       "       [  2.58559825e-04,   4.39407592e-01,   5.60333848e-01],\n",
       "       [  9.36766527e-01,   3.20372638e-03,   6.00297462e-02],\n",
       "       [  5.38592210e-04,   2.72126175e-02,   9.72248790e-01],\n",
       "       [  2.25278201e-02,   1.20179387e-03,   9.76270386e-01],\n",
       "       [  9.69393995e-02,   2.34784987e-02,   8.79582102e-01],\n",
       "       [  8.78775389e-01,   4.57168390e-02,   7.55077718e-02],\n",
       "       [  3.66888812e-03,   5.77868328e-03,   9.90552429e-01],\n",
       "       [  3.72316247e-01,   4.22409890e-02,   5.85442764e-01],\n",
       "       [  9.99301288e-01,   3.62469963e-04,   3.36241977e-04],\n",
       "       [  3.26453025e-05,   6.28872507e-01,   3.71094848e-01],\n",
       "       [  1.49392580e-04,   2.65254944e-01,   7.34595663e-01],\n",
       "       [  9.60513997e-01,   3.79126636e-02,   1.57333917e-03],\n",
       "       [  8.35500158e-03,   4.88912806e-01,   5.02732192e-01],\n",
       "       [  1.64709884e-02,   1.95499144e-03,   9.81574020e-01],\n",
       "       [  8.53157184e-01,   1.19018902e-02,   1.34940926e-01],\n",
       "       [  9.99161827e-01,   8.38059501e-04,   1.13990285e-07],\n",
       "       [  9.94114247e-04,   6.71529852e-02,   9.31852901e-01],\n",
       "       [  1.21389669e-04,   9.11245657e-01,   8.86329534e-02],\n",
       "       [  1.74749484e-02,   4.88263095e-02,   9.33698742e-01],\n",
       "       [  1.78443092e-02,   6.02701904e-03,   9.76128672e-01],\n",
       "       [  7.83047758e-02,   5.09574884e-01,   4.12120340e-01],\n",
       "       [  5.54462863e-03,   6.82358177e-02,   9.26219554e-01],\n",
       "       [  9.82867262e-01,   7.41193730e-03,   9.72080111e-03],\n",
       "       [  7.11615074e-04,   2.02731578e-02,   9.79015227e-01],\n",
       "       [  6.06791494e-02,   4.59717252e-04,   9.38861133e-01],\n",
       "       [  7.51032320e-01,   1.20921367e-03,   2.47758467e-01],\n",
       "       [  1.01876678e-01,   4.73802820e-03,   8.93385294e-01],\n",
       "       [  1.23477478e-03,   8.93345965e-02,   9.09430629e-01],\n",
       "       [  7.31391691e-02,   1.81648199e-01,   7.45212632e-01],\n",
       "       [  5.00990644e-03,   4.75882845e-03,   9.90231265e-01],\n",
       "       [  1.51268461e-03,   2.17530152e-01,   7.80957163e-01],\n",
       "       [  9.83894939e-01,   1.54778374e-02,   6.27223860e-04],\n",
       "       [  7.81192749e-03,   1.78808713e-02,   9.74307201e-01],\n",
       "       [  2.41220837e-03,   6.10222710e-03,   9.91485565e-01],\n",
       "       [  6.82045373e-04,   2.59346488e-01,   7.39971467e-01],\n",
       "       [  3.86200684e-02,   1.86231529e-02,   9.42756779e-01],\n",
       "       [  5.49260612e-04,   2.74211865e-02,   9.72029553e-01],\n",
       "       [  4.11347250e-03,   1.54885334e-02,   9.80397994e-01],\n",
       "       [  6.97478694e-03,   1.09225923e-02,   9.82102621e-01],\n",
       "       [  5.63401534e-04,   3.33463144e-02,   9.66090284e-01],\n",
       "       [  1.02346100e-01,   3.40010168e-03,   8.94253798e-01],\n",
       "       [  4.58641926e-04,   1.08936030e-01,   8.90605328e-01],\n",
       "       [  1.61982549e-04,   9.59402106e-02,   9.03897807e-01],\n",
       "       [  2.86420455e-02,   6.45029627e-03,   9.64907658e-01],\n",
       "       [  5.42526806e-03,   4.31372408e-03,   9.90261008e-01],\n",
       "       [  1.16515918e-03,   2.41018129e-02,   9.74733028e-01],\n",
       "       [  3.15899867e-03,   6.10260834e-03,   9.90738393e-01],\n",
       "       [  1.07853358e-02,   1.19949149e-02,   9.77219749e-01],\n",
       "       [  4.83559544e-04,   7.27856417e-02,   9.26730799e-01],\n",
       "       [  1.85528607e-02,   2.32041351e-02,   9.58243004e-01],\n",
       "       [  9.75224592e-03,   5.91314985e-03,   9.84334604e-01],\n",
       "       [  2.58385490e-03,   8.92252235e-03,   9.88493623e-01],\n",
       "       [  4.51460124e-03,   8.70387335e-02,   9.08446665e-01],\n",
       "       [  1.08725307e-03,   1.41347151e-02,   9.84778032e-01],\n",
       "       [  6.52534666e-04,   2.51062763e-02,   9.74241189e-01],\n",
       "       [  1.33109915e-03,   1.69246729e-02,   9.81744228e-01],\n",
       "       [  2.33167067e-02,   2.31461576e-02,   9.53537136e-01],\n",
       "       [  1.74256008e-03,   1.37454801e-02,   9.84511960e-01],\n",
       "       [  1.19050992e-03,   1.84022795e-02,   9.80407211e-01],\n",
       "       [  5.43362287e-04,   2.89850396e-02,   9.70471598e-01],\n",
       "       [  2.58814795e-04,   2.64495076e-01,   7.35246109e-01],\n",
       "       [  2.64345622e-03,   2.35478494e-02,   9.73808694e-01],\n",
       "       [  1.95489500e-02,   2.47619801e-03,   9.77974852e-01],\n",
       "       [  2.89427648e-02,   1.64208972e-03,   9.69415145e-01],\n",
       "       [  1.09845869e-02,   1.70665867e-03,   9.87308754e-01],\n",
       "       [  1.45831128e-03,   8.09496897e-02,   9.17591999e-01],\n",
       "       [  2.09467660e-03,   6.97208985e-03,   9.90933234e-01],\n",
       "       [  5.39239567e-03,   2.48823309e-02,   9.69725273e-01],\n",
       "       [  1.70682914e-02,   1.33451485e-02,   9.69586560e-01],\n",
       "       [  2.00099701e-02,   1.38002925e-03,   9.78610001e-01],\n",
       "       [  4.68750300e-05,   2.99202341e-01,   7.00750784e-01],\n",
       "       [  2.33321349e-03,   1.70256269e-02,   9.80641160e-01],\n",
       "       [  3.91089354e-04,   1.04314817e-01,   8.95294093e-01],\n",
       "       [  1.15990941e-03,   1.83061180e-02,   9.80533973e-01],\n",
       "       [  9.28156007e-02,   9.09509296e-03,   8.98089306e-01],\n",
       "       [  1.45088789e-03,   1.03821176e-02,   9.88166995e-01],\n",
       "       [  2.64324999e-04,   6.16160653e-02,   9.38119610e-01],\n",
       "       [  3.63003542e-03,   9.93756121e-03,   9.86432403e-01],\n",
       "       [  4.24162212e-03,   3.54432969e-03,   9.92214048e-01],\n",
       "       [  1.40151861e-03,   1.29216837e-02,   9.85676798e-01],\n",
       "       [  1.42099138e-02,   8.31803402e-03,   9.77472052e-01],\n",
       "       [  8.23181296e-03,   3.53218835e-03,   9.88235999e-01],\n",
       "       [  5.22016471e-03,   1.23363796e-02,   9.82443456e-01],\n",
       "       [  2.92169020e-03,   4.99511182e-03,   9.92083198e-01],\n",
       "       [  5.53426258e-03,   4.57138654e-03,   9.89894351e-01],\n",
       "       [  1.64266269e-03,   1.29473875e-02,   9.85409950e-01],\n",
       "       [  9.90470486e-01,   9.52745147e-03,   2.06262982e-06],\n",
       "       [  9.97627248e-01,   2.37275196e-03,   1.89708392e-11],\n",
       "       [  9.38981241e-01,   6.10187585e-02,   5.62682166e-10],\n",
       "       [  6.37504927e-01,   3.62495068e-01,   4.51760257e-09],\n",
       "       [  9.97094255e-01,   2.90574549e-03,   2.49167518e-15],\n",
       "       [  9.95230120e-01,   4.76988005e-03,   1.39184687e-13],\n",
       "       [  9.91467506e-01,   8.53249417e-03,   3.52678636e-14],\n",
       "       [  7.35387475e-01,   2.64612525e-01,   1.13599108e-21],\n",
       "       [  9.96512522e-01,   3.48747829e-03,   3.51581713e-16],\n",
       "       [  9.97457443e-01,   2.54255664e-03,   1.40829656e-15],\n",
       "       [  8.17354045e-01,   1.82645955e-01,   6.97035396e-15],\n",
       "       [  9.51690015e-01,   4.83099807e-02,   4.59560990e-09],\n",
       "       [  9.94519388e-01,   5.48060547e-03,   6.95084864e-09],\n",
       "       [  9.93088159e-01,   6.91184084e-03,   4.65917409e-19],\n",
       "       [  8.56607753e-01,   1.43374477e-01,   1.77700344e-05],\n",
       "       [  9.23425899e-01,   7.65740936e-02,   7.56110656e-09],\n",
       "       [  9.91304751e-01,   8.69524934e-03,   7.05485496e-18],\n",
       "       [  9.89052374e-01,   1.09476265e-02,   1.11669993e-16],\n",
       "       [  9.97563908e-01,   2.42951099e-03,   6.58079556e-06],\n",
       "       [  9.99719530e-01,   2.72514267e-04,   7.95579714e-06],\n",
       "       [  9.94224521e-01,   5.77546666e-03,   1.18531110e-08],\n",
       "       [  6.58910122e-01,   3.41089878e-01,   1.08307159e-13],\n",
       "       [  3.81844359e-02,   9.60668014e-01,   1.14755030e-03],\n",
       "       [  9.69993486e-01,   3.00065023e-02,   1.16521318e-08],\n",
       "       [  9.94415834e-01,   5.58416557e-03,   1.03819404e-11],\n",
       "       [  9.98370467e-01,   1.62953328e-03,   3.01940373e-26],\n",
       "       [  4.43613899e-01,   5.56380646e-01,   5.45560846e-06],\n",
       "       [  8.60288909e-01,   1.39711087e-01,   3.67041466e-09],\n",
       "       [  9.99267232e-01,   7.19367562e-04,   1.34008243e-05],\n",
       "       [  8.97525641e-01,   1.02473253e-01,   1.10662367e-06],\n",
       "       [  9.26747649e-01,   7.32523029e-02,   4.78722804e-08],\n",
       "       [  6.12231354e-01,   3.74901743e-01,   1.28669028e-02],\n",
       "       [  9.82011971e-01,   1.79880286e-02,   3.31948697e-10],\n",
       "       [  9.83280995e-01,   1.67188167e-02,   1.88004762e-07],\n",
       "       [  9.78028494e-01,   2.19715059e-02,   2.59087339e-15],\n",
       "       [  9.95491804e-01,   4.50819486e-03,   9.28015415e-10],\n",
       "       [  9.82315003e-01,   1.76849967e-02,   2.79938199e-19],\n",
       "       [  9.99350040e-01,   6.49959751e-04,   3.19796652e-18],\n",
       "       [  9.47021486e-01,   5.29785140e-02,   2.01663880e-13],\n",
       "       [  5.10808505e-02,   9.48919150e-01,   5.03734143e-12],\n",
       "       [  9.90396301e-01,   9.60369899e-03,   6.16388946e-12],\n",
       "       [  9.85675376e-01,   1.43246239e-02,   1.07483723e-21],\n",
       "       [  9.97491780e-01,   2.50818699e-03,   3.34867087e-08],\n",
       "       [  8.62409576e-01,   1.37590424e-01,   2.40971357e-17],\n",
       "       [  9.82235126e-01,   1.76997335e-02,   6.51406714e-05],\n",
       "       [  9.99262834e-01,   7.37165589e-04,   1.36756721e-17],\n",
       "       [  9.96654036e-01,   3.34596433e-03,   9.74251877e-12],\n",
       "       [  9.95223449e-01,   4.77582313e-03,   7.27767093e-07],\n",
       "       [  8.82503535e-01,   1.06063473e-01,   1.14329923e-02],\n",
       "       [  7.99017047e-01,   2.00982951e-01,   2.40433651e-09]])"
      ]
     },
     "execution_count": 2,
     "metadata": {},
     "output_type": "execute_result"
    }
   ],
   "source": [
    "ricMat.transpose()"
   ]
  },
  {
   "cell_type": "code",
   "execution_count": null,
   "metadata": {
    "collapsed": true
   },
   "outputs": [],
   "source": []
  },
  {
   "cell_type": "code",
   "execution_count": 3,
   "metadata": {},
   "outputs": [
    {
     "ename": "NameError",
     "evalue": "name 'testMat' is not defined",
     "output_type": "error",
     "traceback": [
      "\u001b[0;31m---------------------------------------------------------------------------\u001b[0m",
      "\u001b[0;31mNameError\u001b[0m                                 Traceback (most recent call last)",
      "\u001b[0;32m<ipython-input-3-1782d0269d87>\u001b[0m in \u001b[0;36m<module>\u001b[0;34m()\u001b[0m\n\u001b[0;32m----> 1\u001b[0;31m \u001b[0mtt\u001b[0m\u001b[0;34m=\u001b[0m\u001b[0mtestMat\u001b[0m\u001b[0;34m[\u001b[0m\u001b[0;36m0\u001b[0m\u001b[0;34m]\u001b[0m\u001b[0;34m\u001b[0m\u001b[0m\n\u001b[0m",
      "\u001b[0;31mNameError\u001b[0m: name 'testMat' is not defined"
     ]
    }
   ],
   "source": []
  },
  {
   "cell_type": "code",
   "execution_count": null,
   "metadata": {
    "collapsed": true
   },
   "outputs": [],
   "source": []
  },
  {
   "cell_type": "code",
   "execution_count": null,
   "metadata": {
    "collapsed": true
   },
   "outputs": [],
   "source": []
  },
  {
   "cell_type": "code",
   "execution_count": null,
   "metadata": {
    "collapsed": true,
    "scrolled": true
   },
   "outputs": [],
   "source": []
  },
  {
   "cell_type": "code",
   "execution_count": null,
   "metadata": {
    "collapsed": true
   },
   "outputs": [],
   "source": []
  },
  {
   "cell_type": "code",
   "execution_count": null,
   "metadata": {
    "collapsed": true
   },
   "outputs": [],
   "source": [
    "\n"
   ]
  },
  {
   "cell_type": "code",
   "execution_count": null,
   "metadata": {
    "collapsed": true
   },
   "outputs": [],
   "source": []
  },
  {
   "cell_type": "code",
   "execution_count": null,
   "metadata": {
    "collapsed": true
   },
   "outputs": [],
   "source": []
  },
  {
   "cell_type": "code",
   "execution_count": null,
   "metadata": {
    "collapsed": true
   },
   "outputs": [],
   "source": []
  },
  {
   "cell_type": "code",
   "execution_count": null,
   "metadata": {
    "collapsed": true
   },
   "outputs": [],
   "source": []
  },
  {
   "cell_type": "code",
   "execution_count": null,
   "metadata": {
    "collapsed": true
   },
   "outputs": [],
   "source": []
  },
  {
   "cell_type": "code",
   "execution_count": null,
   "metadata": {
    "collapsed": true
   },
   "outputs": [],
   "source": []
  },
  {
   "cell_type": "code",
   "execution_count": null,
   "metadata": {
    "collapsed": true
   },
   "outputs": [],
   "source": []
  },
  {
   "cell_type": "code",
   "execution_count": null,
   "metadata": {
    "collapsed": true
   },
   "outputs": [],
   "source": [
    "\n"
   ]
  },
  {
   "cell_type": "code",
   "execution_count": null,
   "metadata": {
    "collapsed": true
   },
   "outputs": [],
   "source": []
  }
 ],
 "metadata": {
  "kernelspec": {
   "display_name": "Python 3",
   "language": "python",
   "name": "python3"
  },
  "language_info": {
   "codemirror_mode": {
    "name": "ipython",
    "version": 3
   },
   "file_extension": ".py",
   "mimetype": "text/x-python",
   "name": "python",
   "nbconvert_exporter": "python",
   "pygments_lexer": "ipython3",
   "version": "3.6.3"
  }
 },
 "nbformat": 4,
 "nbformat_minor": 2
}
